aperture: f/2.2
camera: 'iPhone 6s'
Orientation: 1
horizontalResolution: 72
verticalResolution: 72
software: '13.6'
exposure: 1/17
iso: 250
creationdate: 2020-08-20T06:28:15+02:00
focalLength: 4.15
ColorSpace: 1
gps: '45.619175,1.6496166666667'
