aperture: f/2.2
camera: 'iPhone 6s'
Orientation: 1
horizontalResolution: 72
verticalResolution: 72
software: '13.6'
exposure: 1/668
iso: 25
creationdate: 2020-08-20T07:34:49+02:00
focalLength: 4.15
ColorSpace: 1
gps: '45.620352777778,1.6476111111111'
