aperture: f/2.2
camera: 'iPhone 6s'
Orientation: 1
horizontalResolution: 72
verticalResolution: 72
software: '13.6'
exposure: 1/340
iso: 25
creationdate: 2020-08-20T07:02:07+02:00
focalLength: 4.15
ColorSpace: 1
gps: '45.619163888889,1.6495833333333'
