aperture: f/2.2
camera: 'iPhone 6s'
Orientation: 1
horizontalResolution: 72
verticalResolution: 72
software: '13.6'
exposure: 1/306
iso: 25
creationdate: 2020-08-20T07:29:34+02:00
focalLength: 4.15
ColorSpace: 1
gps: '45.620122222222,1.648775'
