aperture: f/2.2
camera: 'iPhone 6s'
Orientation: 6
horizontalResolution: 72
verticalResolution: 72
software: '13.6'
exposure: 1/292
iso: 25
creationdate: 2020-08-12T10:39:43+02:00
focalLength: 4.15
ColorSpace: 1
gps: '45.506155555556,1.8082972222222'
