aperture: f/2.2
camera: 'iPhone 6s'
Orientation: 1
horizontalResolution: 72
verticalResolution: 72
software: 13.4.1
exposure: 1/33
iso: 25
creationdate: 2020-05-03T21:28:18+02:00
focalLength: 4.15
ColorSpace: 1
gps: '46.084566666667,1.4734583333333'
