aperture: f/2.2
camera: 'iPhone 6s'
Orientation: 1
horizontalResolution: 72
verticalResolution: 72
software: 13.4.1
exposure: 1/33
iso: 125
creationdate: 2020-05-04T06:08:11+02:00
focalLength: 4.15
ColorSpace: 1
gps: '46.085052777778,1.4738194444444'
