aperture: f/2.2
camera: 'iPhone 6s'
Orientation: 1
horizontalResolution: 72
verticalResolution: 72
software: 13.4.1
exposure: 1/17
iso: 500
creationdate: 2020-05-04T06:10:20+02:00
focalLength: 4.15
ColorSpace: 1
gps: '46.084388888889,1.4733111111111'
