aperture: f/2.2
camera: 'iPhone 6s'
Orientation: 1
horizontalResolution: 72
verticalResolution: 72
software: 13.3.1
exposure: 1/761
iso: 25
creationdate: 2020-03-21T07:04:58+01:00
focalLength: 4.15
ColorSpace: 1
gps: '46.084733966667,1.4737613833333'
