aperture: f/2.2
camera: 'iPhone 6s'
Orientation: 1
horizontalResolution: 72
verticalResolution: 72
software: '14.1'
exposure: 1/625
iso: 25
creationdate: 2020-10-22T17:33:27+02:00
focalLength: 4.15
ColorSpace: 1
gps: '46.095422222222,1.4734638888889'
