aperture: f/2.2
camera: 'iPhone 6s'
Orientation: 1
horizontalResolution: 72
verticalResolution: 72
software: 13.4.1
exposure: 1/625
iso: 25
creationdate: 1586669168
focalLength: 4.15
ColorSpace: 1
gps: '46.085055555556,1.4737805555556'
title: 'Soleil levant 1610'
alt: ''
caption: ''
