aperture: f/2.2
camera: 'iPhone 6s'
Orientation: 1
horizontalResolution: 72
verticalResolution: 72
software: 13.3.1
exposure: 1/761
iso: 25
creationdate: 1584770698
focalLength: 4.15
ColorSpace: 1
gps: '46.084602777778,1.4734583333333'
title: 'Soleil levant 1555'
alt: ''
caption: ''
